# N	frecuencia	desviacion
1	0	0.5
2	0	0.5
3	0	0.5
4	0.25	0.25
5	0.4	0.1
6	0.5	0
7	0.428571	0.0714286
8	0.5	0
9	0.555556	0.0555556
10	0.6	0.1
20	0.6	0.1
30	0.566667	0.0666667
40	0.55	0.05
50	0.56	0.06
60	0.533333	0.0333333
70	0.5	0
80	0.525	0.025
90	0.511111	0.0111111
100	0.52	0.02
200	0.5	0
300	0.506667	0.00666667
400	0.495	0.005
500	0.49	0.01
600	0.481667	0.0183333
700	0.481429	0.0185714
800	0.4775	0.0225
900	0.474444	0.0255556
1000	0.467	0.033
1500	0.491333	0.00866667
2000	0.494	0.006
2500	0.496	0.004
3000	0.496667	0.00333333
3500	0.492286	0.00771429
4000	0.494	0.006
4500	0.492667	0.00733333
5000	0.4934	0.0066
5500	0.494545	0.00545455
6000	0.496333	0.00366667
6500	0.495692	0.00430769
7000	0.497286	0.00271429
7500	0.498933	0.00106667
8000	0.49775	0.00225
8500	0.499882	0.000117647
9000	0.499667	0.000333333
9500	0.498105	0.00189474
10000	0.4978	0.0022
15000	0.496133	0.00386667
20000	0.49775	0.00225
25000	0.49976	0.00024
30000	0.501033	0.00103333
35000	0.501857	0.00185714
40000	0.5011	0.0011
45000	0.501378	0.00137778
50000	0.50006	6e-05
55000	0.499764	0.000236364
60000	0.50055	0.00055
65000	0.500462	0.000461538
70000	0.500529	0.000528571
75000	0.500227	0.000226667
80000	0.500212	0.0002125
85000	0.500388	0.000388235
90000	0.499833	0.000166667
95000	0.499695	0.000305263
100000	0.49889	0.00111
110000	0.499564	0.000436364
120000	0.500242	0.000241667
130000	0.500262	0.000261538
140000	0.499914	8.57143e-05
150000	0.4995	0.0005
160000	0.499775	0.000225
170000	0.500329	0.000329412
180000	0.500433	0.000433333
190000	0.500489	0.000489474
200000	0.500795	0.000795
210000	0.500586	0.000585714
220000	0.500777	0.000777273
230000	0.500926	0.000926087
240000	0.500942	0.000941667
250000	0.500988	0.000988
260000	0.500969	0.000969231
270000	0.50077	0.00077037
280000	0.500561	0.000560714
290000	0.500686	0.000686207
300000	0.500717	0.000716667
310000	0.500626	0.000625806
320000	0.500775	0.000775
330000	0.500536	0.000536364
340000	0.500574	0.000573529
350000	0.500394	0.000394286
360000	0.500358	0.000358333
370000	0.50027	0.00027027
380000	0.500061	6.05263e-05
390000	0.500056	5.64103e-05
400000	0.49999	1e-05
410000	0.499959	4.14634e-05
420000	0.499714	0.000285714
430000	0.499702	0.000297674
440000	0.499689	0.000311364
450000	0.4998	0.0002
460000	0.499828	0.000171739
470000	0.4999	0.0001
480000	0.500006	6.25e-06
490000	0.5	0
500000	0.500106	0.000106
510000	0.500198	0.000198039
520000	0.500365	0.000365385
530000	0.500321	0.000320755
540000	0.500387	0.000387037
550000	0.500265	0.000265455
560000	0.500252	0.000251786
570000	0.500196	0.000196491
580000	0.500164	0.000163793
590000	0.50009	8.98305e-05
600000	0.49997	3e-05
610000	0.499977	2.29508e-05
620000	0.500024	2.41935e-05
630000	0.500081	8.09524e-05
640000	0.500045	4.53125e-05
650000	0.500026	2.61538e-05
660000	0.500038	3.78788e-05
670000	0.50007	7.01493e-05
680000	0.500165	0.000164706
690000	0.500158	0.000157971
700000	0.500054	5.42857e-05
710000	0.50003	2.95775e-05
720000	0.500039	3.88889e-05
730000	0.499997	2.73973e-06
740000	0.499935	6.48649e-05
750000	0.499996	4e-06
760000	0.49998	1.97368e-05
770000	0.500019	1.94805e-05
780000	0.500135	0.000134615
790000	0.500048	4.81013e-05
800000	0.500067	6.75e-05
810000	0.500077	7.65432e-05
820000	0.500049	4.87805e-05
830000	0.49999	9.63855e-06
840000	0.500026	2.61905e-05
850000	0.500092	9.17647e-05
860000	0.500136	0.000136047
870000	0.50022	0.00021954
880000	0.500285	0.000285227
890000	0.500264	0.000264045
900000	0.50025	0.00025
910000	0.50021	0.00020989
920000	0.500221	0.000220652
930000	0.500166	0.000165591
940000	0.500214	0.00021383
950000	0.500066	6.63158e-05
960000	0.500075	7.5e-05
970000	0.500023	2.26804e-05
980000	0.500006	6.12245e-06
990000	0.499996	4.0404e-06
1000000	0.500021	2.1e-05
1010000	0.500064	6.43564e-05
1020000	0.50006	5.98039e-05
1030000	0.500019	1.94175e-05
1040000	0.49996	4.03846e-05
1050000	0.499966	3.42857e-05
1060000	0.499942	5.84906e-05
1070000	0.499913	8.69159e-05
1080000	0.499943	5.74074e-05
1090000	0.500052	5.22936e-05
1100000	0.500064	6.36364e-05
1110000	0.500091	9.0991e-05
1120000	0.500132	0.000132143
1130000	0.500141	0.000140708
1140000	0.500093	9.29825e-05
1150000	0.500089	8.86957e-05
1160000	0.500112	0.000112069
1170000	0.50006	5.98291e-05
1180000	0.500108	0.000107627
1190000	0.500146	0.000146218
1200000	0.500115	0.000115
1210000	0.500121	0.000120661
1220000	0.500085	8.52459e-05
1230000	0.500124	0.00012439
1240000	0.500035	3.46774e-05
1250000	0.500026	2.56e-05
1260000	0.500054	5.39683e-05
1270000	0.500028	2.83465e-05
1280000	0.500078	7.8125e-05
1290000	0.500088	8.83721e-05
1300000	0.500062	6.23077e-05
1310000	0.500042	4.19847e-05
1320000	0.500091	9.09091e-05
1330000	0.500097	9.69925e-05
1340000	0.500097	9.70149e-05
1350000	0.50005	5.03704e-05
1360000	0.500106	0.000105882
1370000	0.500037	3.72263e-05
1380000	0.50002	1.95652e-05
1390000	0.499966	3.38129e-05
1400000	0.499921	7.92857e-05
1410000	0.499955	4.46809e-05
1420000	0.49994	5.98592e-05
1430000	0.499976	2.44755e-05
1440000	0.499942	5.76389e-05
1450000	0.499929	7.10345e-05
1460000	0.499951	4.86301e-05
1470000	0.499894	0.000106122
1480000	0.499945	5.47297e-05
1490000	0.499977	2.34899e-05
1500000	0.499969	3.06667e-05
1510000	0.499961	3.90728e-05
1520000	0.499932	6.84211e-05
1530000	0.499901	9.86928e-05
1540000	0.499929	7.14286e-05
1550000	0.499908	9.16129e-05
1560000	0.499903	9.74359e-05
1570000	0.499961	3.94904e-05
1580000	0.499947	5.31646e-05
1590000	0.499865	0.000134591
1600000	0.499863	0.000136875
1610000	0.499955	4.53416e-05
1620000	0.499929	7.09877e-05
1630000	0.499945	5.52147e-05
1640000	0.499916	8.35366e-05
1650000	0.499938	6.24242e-05
1660000	0.499937	6.26506e-05
1670000	0.500007	6.58683e-06
1680000	0.500021	2.08333e-05
1690000	0.49997	2.95858e-05
1700000	0.499959	4.11765e-05
1710000	0.499963	3.74269e-05
1720000	0.499983	1.68605e-05
1730000	0.499961	3.93064e-05
1740000	0.499988	1.2069e-05
1750000	0.499953	4.74286e-05
1760000	0.499968	3.18182e-05
1770000	0.499985	1.46893e-05
1780000	0.500002	1.68539e-06
1790000	0.500047	4.7486e-05
1800000	0.500037	3.66667e-05
1810000	0.500063	6.29834e-05
1820000	0.499993	6.59341e-06
1830000	0.499969	3.06011e-05
1840000	0.499951	4.8913e-05
1850000	0.499964	3.62162e-05
1860000	0.499994	5.91398e-06
1870000	0.500006	5.88235e-06
1880000	0.499982	1.80851e-05
1890000	0.49998	2.01058e-05
1900000	0.500025	2.52632e-05
1910000	0.500039	3.87435e-05
1920000	0.500049	4.89583e-05
1930000	0.500052	5.23316e-05
1940000	0.50007	6.95876e-05
1950000	0.500067	6.66667e-05
1960000	0.500077	7.65306e-05
1970000	0.500122	0.000122335
1980000	0.500099	9.94949e-05
1990000	0.500089	8.89447e-05
2000000	0.500131	0.0001315
2010000	0.500134	0.000134328
2020000	0.50015	0.00015
2030000	0.500152	0.000151724
2040000	0.500131	0.000130882
2050000	0.500095	9.46341e-05
2060000	0.500073	7.3301e-05
2070000	0.500021	2.1256e-05
2080000	0.500034	3.41346e-05
2090000	0.500025	2.53589e-05
2100000	0.500066	6.57143e-05
2110000	0.500069	6.87204e-05
2120000	0.50008	7.9717e-05
2130000	0.500097	9.71831e-05
2140000	0.50006	5.98131e-05
2150000	0.500025	2.51163e-05
2160000	0.500026	2.63889e-05
2170000	0.500026	2.62673e-05
2180000	0.500002	1.83486e-06
2190000	0.500008	8.21918e-06
2200000	0.500027	2.72727e-05
2210000	0.50003	2.98643e-05
2220000	0.500012	1.21622e-05
2230000	0.500005	4.93274e-06
2240000	0.500028	2.8125e-05
2250000	0.500023	2.26667e-05
2260000	0.500021	2.07965e-05
2270000	0.500019	1.85022e-05
2280000	0.500011	1.09649e-05
2290000	0.500005	5.24017e-06
2300000	0.500012	1.17391e-05
2310000	0.500024	2.38095e-05
2320000	0.500011	1.12069e-05
2330000	0.500014	1.37339e-05
2340000	0.499968	3.16239e-05
2350000	0.499978	2.17021e-05
2360000	0.499958	4.19492e-05
2370000	0.499964	3.62869e-05
2380000	0.499963	3.7395e-05
2390000	0.499947	5.31381e-05
2400000	0.499986	1.41667e-05
2410000	0.499983	1.65975e-05
2420000	0.499961	3.92562e-05
2430000	0.499928	7.16049e-05
2440000	0.499941	5.94262e-05
2450000	0.499924	7.55102e-05
2460000	0.499907	9.34959e-05
2470000	0.499887	0.000112955
2480000	0.499901	9.91935e-05
2490000	0.499891	0.000108835
2500000	0.499884	0.0001156
2510000	0.499884	0.000115538
2520000	0.499904	9.64286e-05
2530000	0.499921	7.86561e-05
2540000	0.499952	4.76378e-05
2550000	0.499962	3.76471e-05
2560000	0.499999	1.17187e-06
2570000	0.500001	7.7821e-07
2580000	0.499995	5.42636e-06
2590000	0.499973	2.7027e-05
2600000	0.499967	3.34615e-05
2610000	0.499947	5.28736e-05
2620000	0.499954	4.61832e-05
2630000	0.499945	5.47529e-05
2640000	0.499951	4.88636e-05
2650000	0.499925	7.50943e-05
2660000	0.499956	4.43609e-05
2670000	0.499952	4.75655e-05
2680000	0.499957	4.29104e-05
2690000	0.499966	3.3829e-05
2700000	0.49995	5e-05
2710000	0.49996	3.98524e-05
2720000	0.499959	4.08088e-05
2730000	0.499953	4.65201e-05
2740000	0.499946	5.40146e-05
2750000	0.499949	5.09091e-05
2760000	0.499953	4.67391e-05
2770000	0.499971	2.88809e-05
2780000	0.499982	1.79856e-05
2790000	0.499977	2.25806e-05
2800000	0.499962	3.75e-05
2810000	0.499977	2.31317e-05
2820000	0.499965	3.5461e-05
2830000	0.499945	5.5477e-05
2840000	0.499942	5.80986e-05
2850000	0.49994	5.96491e-05
2860000	0.499943	5.73427e-05
2870000	0.499957	4.28571e-05
2880000	0.499981	1.875e-05
2890000	0.499944	5.64014e-05
2900000	0.499947	5.34483e-05
2910000	0.499955	4.46735e-05
2920000	0.499951	4.93151e-05
2930000	0.499966	3.4471e-05
2940000	0.499976	2.44898e-05
2950000	0.499981	1.86441e-05
2960000	0.499993	6.75676e-06
2970000	0.49997	3.0303e-05
2980000	0.499944	5.57047e-05
2990000	0.499938	6.18729e-05
3000000	0.499911	8.9e-05
3010000	0.499915	8.50498e-05
3020000	0.499903	9.7351e-05
3030000	0.499897	0.00010264
3040000	0.499891	0.000109211
3050000	0.499888	0.000112131
3060000	0.499893	0.000106863
3070000	0.499891	0.000109446
3080000	0.499882	0.000117532
3090000	0.499869	0.000130744
3100000	0.499857	0.000143226
3110000	0.499845	0.000155305
3120000	0.499867	0.000133333
3130000	0.499869	0.00013131
3140000	0.499899	0.000101274
3150000	0.499911	8.85714e-05
3160000	0.499899	0.000100949
3170000	0.499926	7.3817e-05
3180000	0.499906	9.37107e-05
3190000	0.49991	8.99687e-05
3200000	0.499904	9.625e-05
3210000	0.499882	0.00011838
3220000	0.499906	9.37888e-05
3230000	0.499921	7.86378e-05
3240000	0.499921	7.9321e-05
3250000	0.499905	9.50769e-05
3260000	0.499913	8.74233e-05
3270000	0.499922	7.82875e-05
3280000	0.499898	0.000102134
3290000	0.499888	0.000112462
3300000	0.499915	8.54545e-05
3310000	0.499923	7.67372e-05
3320000	0.499902	9.8494e-05
3330000	0.499917	8.25826e-05
3340000	0.499918	8.17365e-05
3350000	0.499915	8.53731e-05
3360000	0.499914	8.60119e-05
3370000	0.499932	6.82493e-05
3380000	0.499925	7.54438e-05
3390000	0.499954	4.57227e-05
3400000	0.499969	3.05882e-05
3410000	0.499959	4.10557e-05
3420000	0.499978	2.22222e-05
3430000	0.499987	1.2828e-05
3440000	0.499997	2.61628e-06
3450000	0.499963	3.68116e-05
3460000	0.499962	3.81503e-05
3470000	0.499929	7.11816e-05
3480000	0.499931	6.86782e-05
3490000	0.499935	6.5043e-05
3500000	0.499951	4.94286e-05
3510000	0.499938	6.21083e-05
3520000	0.499942	5.82386e-05
3530000	0.49997	2.9745e-05
3540000	0.499973	2.74011e-05
3550000	0.499965	3.5493e-05
3560000	0.499966	3.37079e-05
3570000	0.499955	4.45378e-05
3580000	0.499954	4.58101e-05
3590000	0.499965	3.48189e-05
3600000	0.49994	5.97222e-05
3610000	0.499933	6.6759e-05
3620000	0.499915	8.53591e-05
3630000	0.499914	8.56749e-05
3640000	0.499925	7.47253e-05
3650000	0.499934	6.63014e-05
3660000	0.499942	5.76503e-05
3670000	0.499993	7.35695e-06
3680000	0.500001	8.15217e-07
3690000	0.499999	8.13008e-07
3700000	0.500009	9.45946e-06
3710000	0.500009	8.62534e-06
3720000	0.500005	5.37634e-06
3730000	0.499991	9.38338e-06
3740000	0.500005	5.34759e-06
3750000	0.499995	5.33333e-06
3760000	0.499986	1.38298e-05
3770000	0.499959	4.08488e-05
3780000	0.499946	5.42328e-05
3790000	0.499927	7.28232e-05
3800000	0.499934	6.63158e-05
3810000	0.49993	6.98163e-05
3820000	0.499941	5.94241e-05
3830000	0.499928	7.20627e-05
3840000	0.499941	5.91146e-05
3850000	0.499944	5.55844e-05
3860000	0.499973	2.66839e-05
3870000	0.499971	2.94574e-05
3880000	0.499986	1.4433e-05
3890000	0.499998	1.79949e-06
3900000	0.500021	2.12821e-05
3910000	0.500025	2.45524e-05
3920000	0.500048	4.82143e-05
3930000	0.500046	4.63104e-05
3940000	0.500037	3.6802e-05
3950000	0.500035	3.51899e-05
3960000	0.500015	1.4899e-05
3970000	0.500025	2.51889e-05
3980000	0.500031	3.1407e-05
3990000	0.500044	4.43609e-05
4000000	0.500026	2.55e-05
4010000	0.500036	3.59102e-05
4020000	0.500033	3.33333e-05
4030000	0.500016	1.56328e-05
4040000	0.500022	2.22772e-05
4050000	0.500017	1.67901e-05
4060000	0.50002	1.99507e-05
4070000	0.500028	2.75184e-05
4080000	0.500033	3.30882e-05
4090000	0.500039	3.93643e-05
4100000	0.500028	2.78049e-05
4110000	0.500035	3.50365e-05
4120000	0.500024	2.37864e-05
4130000	0.500034	3.41404e-05
4140000	0.500027	2.72947e-05
4150000	0.500025	2.48193e-05
4160000	0.500008	7.93269e-06
4170000	0.500003	3.11751e-06
4180000	0.500001	7.17703e-07
4190000	0.500002	1.67064e-06
4200000	0.499985	1.54762e-05
4210000	0.499973	2.66033e-05
4220000	0.499986	1.35071e-05
4230000	0.499997	3.30969e-06
4240000	0.5	4.71698e-07
4250000	0.499996	3.76471e-06
4260000	0.499983	1.66667e-05
4270000	0.499996	3.51288e-06
4280000	0.499981	1.89252e-05
4290000	0.499981	1.8648e-05
4300000	0.499981	1.86047e-05
4310000	0.499982	1.76334e-05
4320000	0.499979	2.06019e-05
4330000	0.499946	5.35797e-05
4340000	0.499955	4.53917e-05
4350000	0.499949	5.05747e-05
4360000	0.49996	3.96789e-05
4370000	0.499972	2.76888e-05
4380000	0.499979	2.05479e-05
4390000	0.499971	2.9385e-05
4400000	0.499968	3.15909e-05
4410000	0.49996	4.01361e-05
4420000	0.499952	4.77376e-05
4430000	0.49995	4.96614e-05
4440000	0.499947	5.29279e-05
4450000	0.499965	3.48315e-05
4460000	0.499968	3.20628e-05
4470000	0.49996	4.00447e-05
4480000	0.499947	5.33482e-05
4490000	0.499941	5.94655e-05
4500000	0.499951	4.93333e-05
4510000	0.499944	5.60976e-05
4520000	0.499963	3.65044e-05
4530000	0.499966	3.44371e-05
4540000	0.499966	3.37004e-05
4550000	0.49997	2.96703e-05
4560000	0.499975	2.5e-05
4570000	0.499973	2.69147e-05
4580000	0.499976	2.42358e-05
4590000	0.499994	6.10022e-06
4600000	0.500003	2.6087e-06
4610000	0.499996	3.68764e-06
4620000	0.500016	1.60173e-05
4630000	0.500029	2.89417e-05
4640000	0.500025	2.5e-05
4650000	0.500016	1.56989e-05
4660000	0.500009	9.44206e-06
4670000	0.500012	1.15632e-05
4680000	0.5	0
4690000	0.500019	1.89765e-05
4700000	0.500001	1.2766e-06
4710000	0.500007	6.58174e-06
4720000	0.500009	9.11017e-06
4730000	0.500013	1.31078e-05
4740000	0.500018	1.81435e-05
4750000	0.500004	3.57895e-06
4760000	0.500006	6.30252e-06
4770000	0.500011	1.13208e-05
4780000	0.500004	3.55649e-06
4790000	0.500013	1.29436e-05
4800000	0.500022	2.1875e-05
4810000	0.500022	2.18295e-05
4820000	0.50002	1.97095e-05
4830000	0.50001	9.93789e-06
4840000	0.5	0
4850000	0.500001	1.23711e-06
4860000	0.499986	1.44033e-05
4870000	0.499961	3.92197e-05
4880000	0.499959	4.09836e-05
4890000	0.499953	4.68303e-05
4900000	0.499951	4.91837e-05
4910000	0.499953	4.74542e-05
4920000	0.49998	1.95122e-05
4930000	0.499978	2.23124e-05
4940000	0.499978	2.24696e-05
4950000	0.499983	1.69697e-05
4960000	0.499983	1.69355e-05
4970000	0.499967	3.25956e-05
4980000	0.49998	2.04819e-05
4990000	0.499977	2.28457e-05
5000000	0.499983	1.66e-05
5010000	0.499998	2.39521e-06
5020000	0.500008	8.16733e-06
5030000	0.500007	6.95825e-06
5040000	0.500002	1.5873e-06
5050000	0.500004	4.35644e-06
5060000	0.499998	2.17391e-06
5070000	0.499995	5.32544e-06
5080000	0.500002	2.16535e-06
5090000	0.499988	1.17878e-05
5100000	0.499993	6.66667e-06
5110000	0.500001	1.17417e-06
5120000	0.500013	1.32812e-05
5130000	0.499997	3.31384e-06
5140000	0.499987	1.32296e-05
5150000	0.499981	1.92233e-05
5160000	0.499989	1.06589e-05
5170000	0.500009	8.51064e-06
5180000	0.500004	4.44015e-06
5190000	0.500014	1.36802e-05
5200000	0.500014	1.36538e-05
5210000	0.50002	2.01536e-05
5220000	0.500014	1.37931e-05
5230000	0.500015	1.51052e-05
5240000	0.500009	9.35115e-06
5250000	0.500015	1.46667e-05
5260000	0.500011	1.10266e-05
5270000	0.500006	5.88235e-06
5280000	0.500022	2.19697e-05
5290000	0.500021	2.0794e-05
5300000	0.500038	3.75472e-05
5310000	0.500038	3.80414e-05
5320000	0.500042	4.19173e-05
5330000	0.500043	4.33396e-05
5340000	0.500032	3.16479e-05
5350000	0.500019	1.85047e-05
5360000	0.500006	5.97015e-06
5370000	0.499998	1.8622e-06
5380000	0.499984	1.6171e-05
5390000	0.499985	1.50278e-05
5400000	0.49996	4.01852e-05
5410000	0.499944	5.56377e-05
5420000	0.499934	6.62362e-05
5430000	0.499934	6.64825e-05
5440000	0.499937	6.26838e-05
5450000	0.499934	6.55046e-05
5460000	0.499939	6.08059e-05
5470000	0.499938	6.21572e-05
5480000	0.499955	4.5073e-05
5490000	0.499963	3.67942e-05
5500000	0.499958	4.23636e-05
5510000	0.499965	3.46642e-05
5520000	0.499973	2.66304e-05
5530000	0.499985	1.5009e-05
5540000	0.499973	2.72563e-05
5550000	0.499977	2.34234e-05
5560000	0.499981	1.8705e-05
5570000	0.499976	2.35189e-05
5580000	0.499987	1.2724e-05
5590000	0.499973	2.68336e-05
5600000	0.49999	9.64286e-06
5610000	0.499991	8.91266e-06
5620000	0.499999	1.42349e-06
5630000	0.500008	7.63766e-06
5640000	0.500021	2.0922e-05
5650000	0.500025	2.53097e-05
5660000	0.500025	2.50883e-05
5670000	0.50002	1.97531e-05
5680000	0.500018	1.76056e-05
5690000	0.500033	3.28647e-05
5700000	0.500034	3.42105e-05
5710000	0.500037	3.67776e-05
5720000	0.50003	2.98951e-05
5730000	0.500019	1.93717e-05
5740000	0.500008	8.36237e-06
5750000	0.500002	2.08696e-06
5760000	0.499991	8.50694e-06
5770000	0.499978	2.20104e-05
5780000	0.499971	2.85467e-05
5790000	0.499975	2.53886e-05
5800000	0.499971	2.87931e-05
5810000	0.499974	2.63339e-05
5820000	0.499962	3.81443e-05
5830000	0.49996	4.04803e-05
5840000	0.499969	3.09932e-05
5850000	0.499947	5.26496e-05
5860000	0.499952	4.77816e-05
5870000	0.499956	4.36116e-05
5880000	0.499965	3.5034e-05
5890000	0.499956	4.41426e-05
5900000	0.499955	4.49153e-05
5910000	0.499954	4.58545e-05
5920000	0.499948	5.23649e-05
5930000	0.499949	5.12648e-05
5940000	0.499948	5.15152e-05
5950000	0.499958	4.21849e-05
5960000	0.499961	3.92617e-05
5970000	0.49996	3.9866e-05
5980000	0.499958	4.1806e-05
5990000	0.499968	3.18865e-05
6000000	0.49996	4.05e-05
6010000	0.499959	4.0599e-05
6020000	0.499957	4.31894e-05
6030000	0.499953	4.67662e-05
6040000	0.499953	4.70199e-05
6050000	0.499948	5.15702e-05
6060000	0.499958	4.15842e-05
6070000	0.49995	4.97529e-05
6080000	0.499955	4.49013e-05
6090000	0.499946	5.35304e-05
6100000	0.499936	6.37705e-05
6110000	0.499935	6.54664e-05
6120000	0.499941	5.86601e-05
6130000	0.499944	5.57912e-05
6140000	0.499938	6.23779e-05
6150000	0.499941	5.88618e-05
6160000	0.499935	6.49351e-05
6170000	0.499927	7.29335e-05
6180000	0.499936	6.35922e-05
6190000	0.499947	5.29887e-05
6200000	0.49995	5.01613e-05
6210000	0.499953	4.70209e-05
6220000	0.499935	6.49518e-05
6230000	0.499931	6.88604e-05
6240000	0.499938	6.1859e-05
6250000	0.499938	6.16e-05
6260000	0.499943	5.70288e-05
6270000	0.499945	5.50239e-05
6280000	0.499957	4.34713e-05
6290000	0.499952	4.84897e-05
6300000	0.499961	3.90476e-05
6310000	0.499966	3.43899e-05
6320000	0.499955	4.52532e-05
6330000	0.499956	4.37599e-05
6340000	0.499946	5.42587e-05
6350000	0.499954	4.64567e-05
6360000	0.499962	3.80503e-05
6370000	0.49997	3.01413e-05
6380000	0.499975	2.49216e-05
6390000	0.499991	8.6072e-06
6400000	0.499994	6.40625e-06
6410000	0.499989	1.13885e-05
6420000	0.499998	1.86916e-06
6430000	0.499992	7.62053e-06
6440000	0.499996	3.57143e-06
6450000	0.500004	3.56589e-06
6460000	0.5	3.09598e-07
6470000	0.500005	4.9459e-06
6480000	0.499992	7.87037e-06
6490000	0.5	3.08166e-07
6500000	0.499999	1.23077e-06
6510000	0.499989	1.13671e-05
6520000	0.499975	2.54601e-05
6530000	0.499972	2.78714e-05
6540000	0.49997	2.95107e-05
6550000	0.49997	3.03817e-05
6560000	0.499966	3.41463e-05
6570000	0.499963	3.68341e-05
6580000	0.499963	3.7386e-05
6590000	0.499947	5.32625e-05
6600000	0.499946	5.39394e-05
6610000	0.499939	6.09682e-05
6620000	0.499947	5.33233e-05
6630000	0.499944	5.58069e-05
6640000	0.499941	5.93373e-05
6650000	0.49994	6.01504e-05
6660000	0.499955	4.48949e-05
6670000	0.499956	4.42279e-05
6680000	0.49995	4.97006e-05
6690000	0.499933	6.68161e-05
6700000	0.499937	6.34328e-05
6710000	0.499937	6.25931e-05
6720000	0.499926	7.4256e-05
6730000	0.499922	7.77117e-05
6740000	0.499926	7.40356e-05
6750000	0.499924	7.58519e-05
6760000	0.499933	6.70118e-05
6770000	0.499932	6.79468e-05
6780000	0.499935	6.48968e-05
6790000	0.49994	5.97938e-05
6800000	0.499949	5.08824e-05
6810000	0.499942	5.80029e-05
6820000	0.499939	6.08504e-05
6830000	0.499939	6.10542e-05
6840000	0.499941	5.93567e-05
6850000	0.499945	5.47445e-05
6860000	0.49993	6.96793e-05
6870000	0.499934	6.56477e-05
6880000	0.499934	6.62791e-05
6890000	0.499932	6.76343e-05
6900000	0.499932	6.76812e-05
6910000	0.499932	6.84515e-05
6920000	0.499935	6.45954e-05
6930000	0.499929	7.09957e-05
6940000	0.49993	6.97406e-05
6950000	0.499931	6.89209e-05
6960000	0.499944	5.63218e-05
6970000	0.499935	6.52798e-05
6980000	0.499939	6.13181e-05
6990000	0.499938	6.20887e-05
7000000	0.499947	5.31429e-05
7010000	0.499956	4.36519e-05
7020000	0.49997	2.96296e-05
7030000	0.499974	2.63158e-05
7040000	0.499981	1.8892e-05
7050000	0.499983	1.67376e-05
7060000	0.499985	1.52975e-05
7070000	0.49998	2.02263e-05
7080000	0.499981	1.90678e-05
7090000	0.499983	1.69252e-05
7100000	0.5	1.40845e-07
7110000	0.499992	7.87623e-06
7120000	0.499992	7.72472e-06
7130000	0.49999	9.67742e-06
7140000	0.499984	1.58263e-05
7150000	0.49998	1.95804e-05
7160000	0.499988	1.20112e-05
7170000	0.49999	1.04603e-05
7180000	0.499972	2.77159e-05
7190000	0.499968	3.15716e-05
7200000	0.499971	2.875e-05
7210000	0.499968	3.24549e-05
7220000	0.499975	2.47922e-05
7230000	0.49997	3.02905e-05
7240000	0.499968	3.20442e-05
7250000	0.499963	3.73793e-05
7260000	0.49996	4.00826e-05
7270000	0.499962	3.79642e-05
7280000	0.499959	4.09341e-05
7290000	0.499964	3.6214e-05
7300000	0.499972	2.75342e-05
7310000	0.499985	1.47743e-05
7320000	0.499978	2.18579e-05
7330000	0.499983	1.67804e-05
7340000	0.499989	1.08992e-05
7350000	0.499981	1.87755e-05
7360000	0.499983	1.68478e-05
7370000	0.499973	2.70014e-05
7380000	0.499975	2.53388e-05
7390000	0.499974	2.61164e-05
7400000	0.499977	2.31081e-05
7410000	0.499986	1.39001e-05
7420000	0.499979	2.07547e-05
7430000	0.499966	3.43203e-05
7440000	0.499952	4.79839e-05
7450000	0.499946	5.38255e-05
7460000	0.49995	5e-05
7470000	0.499946	5.43507e-05
7480000	0.499946	5.37433e-05
7490000	0.499941	5.9012e-05
7500000	0.499945	5.48e-05
7510000	0.499952	4.80692e-05
7520000	0.499948	5.17287e-05
7530000	0.499953	4.68792e-05
7540000	0.499958	4.16446e-05
7550000	0.499967	3.27152e-05
7560000	0.499972	2.80423e-05
7570000	0.499971	2.93263e-05
7580000	0.499981	1.89974e-05
7590000	0.499985	1.46245e-05
7600000	0.5	2.63158e-07
7610000	0.499993	7.09593e-06
7620000	0.499984	1.56168e-05
7630000	0.499984	1.58585e-05
7640000	0.499974	2.55236e-05
7650000	0.499973	2.66667e-05
7660000	0.499981	1.93211e-05
7670000	0.49998	2.00782e-05
7680000	0.499975	2.5e-05
7690000	0.499988	1.23537e-05
7700000	0.499992	7.79221e-06
7710000	0.499992	7.7821e-06
7720000	0.499998	2.46114e-06
7730000	0.500005	5.30401e-06
7740000	0.500003	2.97158e-06
7750000	0.500008	7.6129e-06
7760000	0.500009	8.63402e-06
7770000	0.500017	1.73745e-05
7780000	0.500019	1.87661e-05
7790000	0.500021	2.13094e-05
7800000	0.500029	2.89744e-05
7810000	0.500026	2.61204e-05
7820000	0.500026	2.64706e-05
7830000	0.500024	2.41379e-05
7840000	0.500014	1.39031e-05
7850000	0.500019	1.93631e-05
7860000	0.500015	1.47583e-05
7870000	0.50002	1.99492e-05
7880000	0.500026	2.60152e-05
7890000	0.500037	3.65019e-05
7900000	0.50004	4.01266e-05
7910000	0.500037	3.6536e-05
7920000	0.500048	4.82323e-05
7930000	0.500061	6.07818e-05
7940000	0.500066	6.62469e-05
7950000	0.500061	6.08805e-05
7960000	0.500061	6.06784e-05
7970000	0.500055	5.53325e-05
7980000	0.50005	5e-05
7990000	0.500049	4.8811e-05
8000000	0.500057	5.675e-05
8010000	0.500054	5.4432e-05
8020000	0.500057	5.69825e-05
8030000	0.500051	5.14321e-05
8040000	0.500053	5.29851e-05
8050000	0.50006	5.96273e-05
8060000	0.500062	6.20347e-05
8070000	0.500058	5.84882e-05
8080000	0.500063	6.28713e-05
8090000	0.500066	6.62546e-05
8100000	0.500079	7.88889e-05
8110000	0.500076	7.55857e-05
8120000	0.500071	7.14286e-05
8130000	0.500058	5.78106e-05
8140000	0.500055	5.54054e-05
8150000	0.50006	6.04908e-05
8160000	0.500077	7.72059e-05
8170000	0.500077	7.74786e-05
8180000	0.500079	7.86064e-05
8190000	0.500073	7.33822e-05
8200000	0.50007	7.03659e-05
8210000	0.500066	6.57734e-05
8220000	0.500069	6.89781e-05
8230000	0.500068	6.79222e-05
8240000	0.500072	7.1966e-05
8250000	0.500072	7.18788e-05
8260000	0.500063	6.28329e-05
8270000	0.500063	6.29988e-05
8280000	0.500064	6.40097e-05
8290000	0.500058	5.8263e-05
8300000	0.500057	5.6988e-05
8310000	0.500054	5.35499e-05
8320000	0.500043	4.3149e-05
8330000	0.500041	4.09364e-05
8340000	0.500041	4.08873e-05
8350000	0.500045	4.51497e-05
8360000	0.500035	3.50478e-05
8370000	0.500037	3.65591e-05
8380000	0.500031	3.07876e-05
8390000	0.50003	2.96782e-05
8400000	0.500029	2.89286e-05
8410000	0.500027	2.67539e-05
8420000	0.500019	1.85273e-05
8430000	0.500007	6.76157e-06
8440000	0.500002	1.77725e-06
8450000	0.5	3.5503e-07
8460000	0.500007	6.73759e-06
8470000	0.50002	1.98347e-05
8480000	0.500022	2.16981e-05
8490000	0.500018	1.8139e-05
8500000	0.500015	1.48235e-05
8510000	0.500016	1.62162e-05
8520000	0.500015	1.51408e-05
8530000	0.500023	2.29777e-05
8540000	0.500025	2.49415e-05
8550000	0.500015	1.54386e-05
8560000	0.500014	1.43692e-05
8570000	0.500018	1.83197e-05
8580000	0.500022	2.23776e-05
8590000	0.500027	2.65425e-05
8600000	0.500022	2.2093e-05
8610000	0.500033	3.26365e-05
8620000	0.500029	2.92343e-05
8630000	0.500027	2.71147e-05
8640000	0.500028	2.78935e-05
8650000	0.500023	2.27746e-05
8660000	0.500018	1.84758e-05
8670000	0.500019	1.94925e-05
8680000	0.500011	1.12903e-05
8690000	0.500011	1.10472e-05
8700000	0.50002	2e-05
8710000	0.500013	1.34328e-05
8720000	0.500011	1.08945e-05
8730000	0.500017	1.6953e-05
8740000	0.500016	1.55606e-05
8750000	0.500017	1.68e-05
8760000	0.500018	1.80365e-05
8770000	0.500019	1.89282e-05
8780000	0.50001	9.90888e-06
8790000	0.499999	9.10125e-07
8800000	0.49999	9.77273e-06
8810000	0.499996	3.97276e-06
8820000	0.5	1.13379e-07
8830000	0.500005	4.64326e-06
8840000	0.500005	4.52489e-06
8850000	0.500006	6.44068e-06
8860000	0.500005	4.62754e-06
8870000	0.500008	8.45547e-06
8880000	0.500006	5.63063e-06
8890000	0.500009	9.11136e-06
8900000	0.500007	6.85393e-06
8910000	0.500005	4.82604e-06
8920000	0.500004	4.4843e-06
8930000	0.500012	1.15342e-05
8940000	0.500018	1.75615e-05
8950000	0.500011	1.10615e-05
8960000	0.499994	6.36161e-06
8970000	0.49999	1.03679e-05
8980000	0.499984	1.64811e-05
8990000	0.499973	2.69188e-05
9000000	0.499968	3.15556e-05
9010000	0.499976	2.43063e-05
9020000	0.499968	3.18182e-05
9030000	0.499976	2.4474e-05
9040000	0.499976	2.40044e-05
9050000	0.49998	1.9779e-05
9060000	0.499987	1.3245e-05
9070000	0.499997	2.75634e-06
9080000	0.499999	9.91189e-07
9090000	0.500004	3.63036e-06
9100000	0.499997	2.96703e-06
9110000	0.500008	8.12294e-06
9120000	0.500015	1.49123e-05
9130000	0.500008	7.99562e-06
9140000	0.500004	4.48578e-06
9150000	0.500004	4.37158e-06
9160000	0.500001	9.82533e-07
9170000	0.500012	1.18866e-05
9180000	0.500002	2.28758e-06
9190000	0.500002	2.17628e-06
9200000	0.500006	5.54348e-06
9210000	0.500008	7.70901e-06
9220000	0.500003	2.81996e-06
9230000	0.500011	1.13759e-05
9240000	0.500013	1.33117e-05
9250000	0.500011	1.1027e-05
9260000	0.500012	1.15551e-05
9270000	0.500011	1.07875e-05
9280000	0.500023	2.31681e-05
9290000	0.500021	2.05597e-05
9300000	0.500019	1.92473e-05
9310000	0.500016	1.64339e-05
9320000	0.500013	1.29828e-05
9330000	0.50001	1.02894e-05
9340000	0.500012	1.17773e-05
9350000	0.500019	1.88235e-05
9360000	0.500016	1.61325e-05
9370000	0.50003	3.02028e-05
9380000	0.500031	3.07036e-05
9390000	0.500029	2.8541e-05
9400000	0.500022	2.17021e-05
9410000	0.500015	1.53029e-05
9420000	0.500011	1.07219e-05
9430000	0.500019	1.88759e-05
9440000	0.500022	2.23517e-05
9450000	0.500018	1.77778e-05
9460000	0.500015	1.50106e-05
9470000	0.500011	1.07709e-05
9480000	0.500011	1.09705e-05
9490000	0.500021	2.05479e-05
9500000	0.500026	2.64211e-05
9510000	0.500026	2.6183e-05
9520000	0.500031	3.07773e-05
9530000	0.500038	3.75656e-05
9540000	0.500032	3.1761e-05
9550000	0.500028	2.81675e-05
9560000	0.500038	3.84937e-05
9570000	0.500039	3.86625e-05
9580000	0.500028	2.79749e-05
9590000	0.50003	3.00313e-05
9600000	0.500021	2.07292e-05
9610000	0.500021	2.1436e-05
9620000	0.500018	1.83992e-05
9630000	0.500022	2.23261e-05
9640000	0.500026	2.63485e-05
9650000	0.500032	3.16062e-05
9660000	0.50003	2.96066e-05
9670000	0.500031	3.12306e-05
9680000	0.500034	3.39876e-05
9690000	0.500035	3.50877e-05
9700000	0.500031	3.1134e-05
9710000	0.500041	4.09887e-05
9720000	0.500041	4.09465e-05
9730000	0.500035	3.48407e-05
9740000	0.500029	2.88501e-05
9750000	0.500022	2.22564e-05
9760000	0.500013	1.27049e-05
9770000	0.500018	1.76049e-05
9780000	0.500016	1.62577e-05
9790000	0.50002	1.9714e-05
9800000	0.500017	1.71429e-05
9810000	0.500023	2.2528e-05
9820000	0.500021	2.08758e-05
9830000	0.500021	2.05493e-05
9840000	0.500028	2.77439e-05
9850000	0.50003	2.96447e-05
9860000	0.500031	3.11359e-05
9870000	0.500033	3.33333e-05
9880000	0.500035	3.48178e-05
9890000	0.500031	3.12437e-05
9900000	0.500026	2.64646e-05
9910000	0.500025	2.47225e-05
9920000	0.500026	2.64113e-05
9930000	0.500021	2.12487e-05
9940000	0.500028	2.77666e-05
9950000	0.500039	3.8995e-05
9960000	0.500043	4.33735e-05
9970000	0.500035	3.52056e-05
9980000	0.500029	2.94589e-05
9990000	0.500022	2.15215e-05
10000000	0.500026	2.6e-05
